// MilkShape 3D ASCII

Frames: 30
Frame: 1

Meshes: 1
"Curve03" 1 0
47
1 2.000000 31.000000 0.000000 0.134151 0.000000 -1
1 1.000000 28.000000 7.000000 0.130086 0.048279 -1
1 -1.000000 28.000000 7.000000 0.121955 0.048279 -1
1 -2.000000 31.000000 0.000000 0.117890 0.000000 -1
1 -11.000000 21.000000 0.000000 0.081303 0.160929 -1
1 -8.000000 21.000000 7.000000 0.093499 0.160929 -1
1 -11.000000 7.000000 0.000000 0.081303 0.386229 -1
1 -8.000000 0.000000 7.000000 0.093499 0.498879 -1
1 -18.000000 13.000000 0.000000 0.052847 0.289672 -1
1 -18.000000 10.000000 7.000000 0.052847 0.337950 -1
1 -24.000000 13.000000 0.000000 0.028456 0.289672 -1
1 -24.000000 10.000000 7.000000 0.028456 0.337950 -1
1 -28.000000 6.000000 7.000000 0.012196 0.402322 -1
1 -31.000000 7.000000 0.000000 0.000000 0.386229 -1
1 -31.000000 0.000000 0.000000 0.000000 0.498879 -1
1 -28.000000 0.000000 7.000000 0.012196 0.498879 -1
1 8.000000 21.000000 7.000000 0.158542 0.160929 -1
1 11.000000 21.000000 0.000000 0.170737 0.160929 -1
1 8.000000 0.000000 7.000000 0.158542 0.498879 -1
1 11.000000 7.000000 0.000000 0.170737 0.386229 -1
1 18.000000 10.000000 7.000000 0.199193 0.337950 -1
1 18.000000 13.000000 0.000000 0.199193 0.289672 -1
1 24.000000 10.000000 7.000000 0.223584 0.337950 -1
1 24.000000 13.000000 0.000000 0.223584 0.289672 -1
1 28.000000 6.000000 7.000000 0.239845 0.402322 -1
1 31.000000 7.000000 0.000000 0.252041 0.386229 -1
1 28.000000 0.000000 7.000000 0.239845 0.498879 -1
1 31.000000 0.000000 0.000000 0.252041 0.498879 -1
1 1.000000 -27.000000 7.000000 0.130086 0.933386 -1
1 0.000000 -31.000000 0.000000 0.126020 0.997757 -1
1 -1.000000 -27.000000 7.000000 0.121955 0.933386 -1
1 -1.000000 28.000000 -7.000000 0.121955 0.048279 -1
1 1.000000 28.000000 -7.000000 0.130086 0.048279 -1
1 -8.000000 21.000000 -7.000000 0.093499 0.160929 -1
1 -8.000000 0.000000 -7.000000 0.093499 0.498879 -1
1 -18.000000 10.000000 -7.000000 0.052847 0.337950 -1
1 -24.000000 10.000000 -7.000000 0.028456 0.337950 -1
1 -28.000000 6.000000 -7.000000 0.012196 0.402322 -1
1 -28.000000 0.000000 -7.000000 0.012196 0.498879 -1
1 8.000000 21.000000 -7.000000 0.158542 0.160929 -1
1 8.000000 0.000000 -7.000000 0.158542 0.498879 -1
1 18.000000 10.000000 -7.000000 0.199193 0.337950 -1
1 24.000000 10.000000 -7.000000 0.223584 0.337950 -1
1 28.000000 6.000000 -7.000000 0.239845 0.402322 -1
1 28.000000 0.000000 -7.000000 0.239845 0.498879 -1
1 1.000000 -27.000000 -7.000000 0.130086 0.933386 -1
1 -1.000000 -27.000000 -7.000000 0.121955 0.933386 -1
62
-0.026889 -0.930120 -0.366271
0.927500 -0.372826 -0.027283
-0.737318 -0.290363 -0.609960
-0.918490 -0.393663 -0.037500
-0.685026 0.650397 0.328212
0.211031 0.589069 0.780041
-0.295912 0.609046 0.735866
0.383299 0.412962 0.826162
0.445459 0.804028 0.393833
0.203110 0.754856 0.623650
0.938150 0.331521 0.099838
0.931731 0.333787 0.143052
0.549950 -0.345720 -0.760285
0.606850 -0.707992 -0.361220
-0.333787 0.931731 0.143052
0.000000 0.000000 -1.000000
0.242604 0.005097 0.970112
-0.708228 -0.637405 -0.303526
-0.655610 0.655610 0.374634
-0.841588 0.528525 0.111314
-0.339011 0.855439 0.391530
-0.327485 0.868460 0.372197
0.314963 0.567605 0.760673
0.216881 0.897268 0.384543
0.640894 0.266820 0.719766
0.638030 0.689666 0.342459
0.676716 -0.676716 0.290021
-0.919145 0.000000 -0.393919
0.000000 0.864910 0.501927
-0.363653 0.830228 -0.422466
-0.923366 0.261336 -0.281244
-0.737318 -0.290363 0.609960
0.927500 -0.372826 0.027283
-0.026889 -0.930120 0.366271
-0.918490 -0.393663 0.037500
-0.685026 0.650397 -0.328212
0.211031 0.589069 -0.780041
0.383299 0.412962 -0.826162
-0.295912 0.609046 -0.735866
0.445459 0.804028 -0.393833
0.203110 0.754856 -0.623650
0.938150 0.331521 -0.099838
0.931731 0.333787 -0.143052
0.549950 -0.345720 0.760285
0.606850 -0.707992 0.361220
0.000000 0.000000 1.000000
-0.333787 0.931731 -0.143052
0.242604 0.005097 -0.970112
-0.708228 -0.637405 0.303526
-0.655610 0.655610 -0.374634
-0.841588 0.528525 -0.111314
-0.327485 0.868460 -0.372197
-0.339011 0.855439 -0.391530
0.216881 0.897268 -0.384543
0.314963 0.567605 -0.760673
0.638030 0.689666 -0.342459
0.640894 0.266820 -0.719766
0.676716 -0.676716 -0.290021
-0.919145 0.000000 0.393919
0.000000 0.864910 -0.501927
-0.363653 0.830228 0.422466
-0.923366 0.261336 0.281244
92
1 0 1 2 0 1 2 1
1 0 2 3 0 2 3 1
1 2 3 4 2 3 4 1
1 4 5 2 4 5 2 1
1 4 6 7 4 6 7 1
1 7 7 4 7 7 4 1
1 5 7 4 5 7 4 1
1 7 6 8 7 6 8 1
1 9 7 8 9 7 8 1
1 10 9 8 10 9 8 1
1 11 9 10 11 9 10 1
1 12 10 11 12 10 11 1
1 12 13 10 12 13 10 1
1 13 14 15 13 14 15 1
1 12 15 13 12 15 13 1
1 1 16 0 1 16 0 1
1 17 16 0 17 16 0 1
1 16 18 17 16 18 17 1
1 19 18 17 19 18 17 1
1 20 21 19 20 21 19 1
1 18 20 19 18 20 19 1
1 20 22 23 20 22 23 1
1 21 20 23 21 20 23 1
1 22 24 25 22 24 25 1
1 23 22 25 23 22 25 1
1 26 25 24 26 25 24 1
1 27 26 25 27 26 25 1
1 26 28 27 26 28 27 1
1 29 28 27 29 28 27 1
1 29 30 28 29 30 28 1
1 29 14 15 29 14 15 1
1 30 15 29 30 15 29 1
1 5 16 1 5 16 1 1
1 2 1 5 2 1 5 1
1 7 16 5 7 16 5 1
1 7 18 16 7 18 16 1
1 7 30 28 7 30 28 1
1 28 18 7 28 18 7 1
1 18 26 28 18 26 28 1
1 18 20 26 18 20 26 1
1 26 22 20 26 22 20 1
1 24 22 26 24 22 26 1
1 30 15 7 30 15 7 1
1 7 15 12 7 15 12 1
1 12 11 7 12 11 7 1
1 9 11 7 9 11 7 1
1 31 32 0 31 32 33 1
1 3 31 0 34 31 33 1
1 4 3 31 35 34 31 1
1 31 33 4 31 36 35 1
1 34 6 4 37 38 35 1
1 4 34 34 35 37 37 1
1 4 34 33 35 37 36 1
1 8 6 34 39 38 37 1
1 8 34 35 39 37 40 1
1 8 35 10 39 40 41 1
1 10 35 36 41 40 42 1
1 36 10 37 42 41 43 1
1 10 13 37 41 44 43 1
1 38 14 13 45 46 44 1
1 13 38 37 44 45 43 1
1 0 39 32 33 47 32 1
1 0 39 17 33 47 48 1
1 17 40 39 48 49 47 1
1 17 40 19 48 49 50 1
1 19 21 41 50 51 52 1
1 19 41 40 50 52 49 1
1 23 42 41 53 54 52 1
1 23 41 21 53 52 51 1
1 25 43 42 55 56 54 1
1 25 42 23 55 54 53 1
1 43 25 44 56 55 57 1
1 25 44 27 55 57 58 1
1 27 45 44 58 59 57 1
1 27 45 29 58 59 60 1
1 45 46 29 59 61 60 1
1 38 14 29 45 46 60 1
1 29 38 46 60 45 61 1
1 32 39 33 32 47 36 1
1 33 32 31 36 32 31 1
1 33 39 34 36 47 37 1
1 39 40 34 47 49 37 1
1 45 46 34 59 61 37 1
1 34 40 45 37 49 59 1
1 45 44 40 59 57 49 1
1 44 41 40 57 52 49 1
1 41 42 44 52 54 57 1
1 44 42 43 57 54 56 1
1 34 38 46 37 45 61 1
1 37 38 34 43 45 37 1
1 34 36 37 37 42 43 1
1 34 36 35 37 42 40 1

Materials: 1
"Material01"
0.200000 0.200000 0.200000 1.000000
0.800000 0.800000 0.800000 1.000000
0.000000 0.000000 0.000000 1.000000
0.000000 0.000000 0.000000 1.000000
0.000000
1.000000
"Tap Note parts 2P (mipmaps).png"
""

Bones: 0
GroupComments: 0
MaterialComments: 0
BoneComments: 0
ModelComment: 0
